Politics 13 docs

Summary1:
0.6402181745103022
0.5584835301658464
0.7720977969801303
0.5817253947337752
0.49953356153214423
0.7170803564292518

Summary 2:
0.6245811304263912
0.5394577263022285
0.7567075499611238
0.563179161122816
0.4779702580568089
0.701748629650231

Summary 3:
0.6397594335069866
0.5579772084097033
0.773824269148399
0.5734202682082843
0.4917920239057499
0.715136099019267

Average:

0.6348529128145599
0.5519728216259261
0.7675432053632177
0.5727749413549584
0.489765281164901
0.7113216950329168
