Economics Docs:28
Summary1:
0.6723143396146979
0.5899872634844857
0.8000880842628516
0.6057704251473413
0.5279903532443926
0.7291184561683474

Summary2:
0.6183722773731315
0.5213396932964893
0.7784231137384804
0.5458974602420409
0.4554307790190925
0.6994905388889184

Summary3:
0.6595777967810351
0.5730130474634897
0.7983795308692978
0.5934354566647352
0.5107995992302299
0.7279285935776114

Avg:
0.6500881379229547
0.5614466680814881
0.7922969096235434
0.5817011140180391
0.4980735771645717
0.7188458628782923