Entertainment 7 docs

Summary1:

0.6518551225485021
0.5812651305575521
0.7479787496191947
0.5739071234931289
0.5031691608423982
0.673095529493645

Summary 2:

0.6046734806762045
0.5173354784340226
0.7407320320057974
0.5387929428998773
0.4514356622088682
0.6831520593835662

Summary 3:
0.6241795242188244
0.5331002881769116
0.7568042924148706
0.5452325508429209
0.45893061548172537
0.6773373718621228


Average:

0.6269027091478436
0.5439002990561621
0.7485050246799542
0.552644205745309
0.47117847951099723
0.677861653579778

