Entertainment Docs:6
Summary1:
0.6126608788879301
0.5293038372553542
0.7344734053859726
0.5500639100741996
0.4702838662693602
0.6674609916607697


Summary2:
0.6216433360948486
0.5278022424010553
0.7587752207850248
0.5408788741896818
0.45057175004561606
0.6794167461540344

Summary3:
0.5589614110207104
0.46792158866486466
0.7036472890272639
0.48502619387452256
0.4000761693525912
0.6266185668456704

Avg:
0.5977552086678296
0.5083425561070914
0.7322986383994204
0.5253229927128014
0.4403105952225225
0.6578321015534915