Accident:34
0.6666654415761147
0.5902435640109549
0.7782067722497379
0.5965355614788158
0.521215707498621
0.7104418644437235

Economics:46
0.6677024003867791
0.58943807367791
0.7811542597983646
0.5949784283511869
0.5154276511851664
0.7138563805773296

Entertainment:7
0.6269027091478436
0.5439002990561621
0.7485050246799542
0.552644205745309
0.47117847951099723
0.677861653579778

Politics:13
Average:
0.6348529128145599
0.5519728216259261
0.7675432053632177
0.5727749413549584
0.489765281164901
0.7113216950329168

Average:
0.6602234226200393
0.581653813400865
0.7760972304969737
0.5896580047226595
0.5109620402119147
0.7098463050813012

