Accident:29
0.6566898928941867
0.57380343088849
0.7760367837396395
0.5806894155328178
0.4974831545974822
0.7066292744893667

Economics:28
0.6500881379229547
0.5614466680814881
0.7922969096235434
0.5817011140180391
0.4980735771645717
0.7188458628782923

Entertainment:6
0.5977552086678296
0.5083425561070914
0.7322986383994204
0.5253229927128014
0.4403105952225225
0.6578321015534915

Politics:37
0.6184321923391232
0.5295093343194436
0.7625473853331375
0.5483140748482057
0.4610165565984427
0.6959545291703786

Average:

0.6371499712432868
0.5500270690850984
0.7729742528563136
0.5656718296861724
0.48072547809412514
0.7031724330940878

