Accident Docs:29
Summary1:
0.6874581353706214
0.6041295409827586
0.8074317424447467
0.6179955397155562
0.5316302806328349
0.7478625926617815

Summary2:
0.6544091073550645
0.57005391275141
0.7761534317231814
0.5714186127578922
0.4870281567030959
0.7009225754771224

Summary3:
0.628202435956874
0.5472268389313013
0.7445251770509904
0.5526540941250053
0.4737910264565157
0.6711026553291962


Average:
0.6566898928941867
0.57380343088849
0.7760367837396395
0.5806894155328178
0.4974831545974822
0.7066292744893667
