Accident 34 docs
Summary1:
0.7112469904477497
0.6360286716415537
0.8189465569459065
0.6444867834410295
0.567711158638382
0.7596703974106771

Summary 2:
0.6129967197576465
0.5356517433047555
0.7287924359563479
0.5428640561972935
0.46897715435250525
0.657019455288574

Summary 3:
0.6757526145229477
0.5990502770865554
0.7868813238469594
0.6022558447981247
0.5269588095049758
0.7146357406319194

Rouge Scores Average:
0.6666654415761147
0.5902435640109549
0.7782067722497379
0.5965355614788158
0.521215707498621
0.7104418644437235

