Economics 46 docs

Summary1:
0.6889597187835139
0.6129590775274473
0.7959835354907779
0.6195752204298227
0.5409839764754418
0.7329472433908039


Summary 2:
0.6589403338964669
0.57857415754774
0.7782029352172775
0.5815690129922774
0.5008329620693829
0.706287128239634

Summary 3:
0.6552071484803562
0.5767809859585427
0.7692763086870384
0.5837910516314607
0.5044660150106745
0.7023347701015509


Average:
0.6677024003867791
0.58943807367791
0.7811542597983646
0.5949784283511869
0.5154276511851664
0.7138563805773296
