Politics Docs:37
Summary1:
0.6439632199697163
0.5558512652000821
0.7773306910253877
0.5750278980428889
0.48638453189317954
0.7129502365150094

Summary2:
0.6174909943304314
0.5320511235096818
0.7552078073342543
0.5496651788030883
0.4656015352214731
0.6896254884861708

Summary3:
0.5938423627172217
0.5006256142485669
0.7551036576397706
0.52024914769864
0.43106360268067545
0.6852878625099555


Avg:

0.6184321923391232
0.5295093343194436
0.7625473853331375
0.5483140748482057
0.4610165565984427
0.6959545291703786
