Accident:
Accident 79
Accident [31, 37, 38, 39, 40, 41, 42, 43, 45, 46, 48, 49, 50, 51, 53, 54, 55, 56, 57, 58, 59, 60, 61, 63, 64, 65, 66, 67, 68, 70, 71, 72, 73, 74, 75, 76, 77, 78, 79, 80, 81, 82, 83, 84, 85, 86, 88, 89, 90, 91, 92, 93, 94, 95, 96, 97, 98, 99, 100, 101, 102, 103, 104, 105, 106, 107, 108, 109, 110, 111, 112, 113, 115, 116, 117, 118, 119, 120, 121]
Economics 9
Economics [33, 35, 44, 47, 52, 62, 69, 87, 114]
Entertainment 3
Entertainment [32, 34, 36]
Politics 0
Politics []

Economics:
Accident 2
Accident [63, 66]
Economics 86
Economics [31, 32, 33, 34, 35, 36, 37, 38, 39, 40, 41, 42, 43, 44, 45, 46, 47, 48, 49, 50, 51, 52, 53, 54, 55, 56, 57, 58, 59, 60, 61, 62, 64, 65, 67, 68, 69, 70, 71, 72, 74, 75, 76, 77, 78, 80, 81, 82, 83, 84, 85, 86, 87, 88, 89, 90, 91, 92, 93, 94, 95, 96, 97, 98, 99, 100, 101, 102, 103, 104, 105, 106, 108, 109, 110, 111, 112, 113, 114, 115, 116, 117, 118, 119, 120, 121]
Entertainment 1
Entertainment [107]
Politics 2
Politics [73, 79]

Entertainment:
Accident 17
Accident [34, 36, 41, 43, 47, 49, 56, 80, 81, 84, 87, 94, 96, 98, 116, 117, 119]
Economics 21
Economics [35, 38, 40, 45, 50, 51, 52, 57, 59, 60, 61, 68, 69, 78, 83, 89, 92, 102, 103, 105, 110]
Entertainment 50
Entertainment [31, 32, 33, 37, 39, 42, 44, 46, 48, 53, 54, 55, 58, 62, 63, 64, 65, 66, 67, 70, 72, 73, 74, 75, 76, 77, 79, 82, 85, 86, 88, 91, 93, 97, 99, 100, 101, 104, 106, 107, 108, 109, 111, 112, 113, 114, 115, 118, 120, 121]
Politics 3
Politics [71, 90, 95]

Politics:
Accident 8
Accident [41, 42, 52, 67, 71, 79, 113, 116]
Economics 14
Economics [57, 58, 60, 61, 63, 65, 68, 69, 73, 74, 88, 91, 94, 110]
Entertainment 1
Entertainment [64]
Politics 68
Politics [31, 32, 33, 34, 35, 36, 37, 38, 39, 40, 43, 44, 45, 46, 47, 48, 49, 50, 51, 53, 54, 55, 56, 59, 62, 66, 70, 72, 75, 76, 77, 78, 80, 81, 82, 83, 84, 85, 86, 87, 89, 90, 92, 93, 95, 96, 97, 98, 99, 100, 101, 102, 103, 104, 105, 106, 107, 108, 109, 111, 112, 114, 115, 117, 118, 119, 120, 121]

